58241.8474 62.397174 0.000877
58259.7999 62.400091 0.005211
58453.2417 62.423623 0.020563
58510.1170 62.401803 0.005585
58371.4677 62.393296 0.002289
58307.6550 62.404104 0.010746
58467.2271 62.394395 0.002484
58276.7606 62.396511 0.000883
58413.4310 62.539109 0.127150
58524.1016 62.395499 0.001223
58440.3333 62.396957 0.001146
58389.3664 62.397435 0.001227
58322.5884 62.396507 0.000938
58431.3744 62.379851 0.043842
59082.5097 62.396863 0.000194
59000.8701 62.396016 0.000382
58837.2274 62.396161 0.000152
58865.0939 62.395938 0.000116
59287.9381 62.390185 0.000171
59300.8879 62.390511 0.000165
59196.2777 62.396827 0.000215
59106.5965 62.396628 0.000130
59093.5975 62.396372 0.000496
59208.3083 62.395748 0.000242
59100.5549 62.396649 0.000285
59113.4828 62.397491 0.000719
59230.1225 62.390916 0.000148
59238.2602 62.390662 0.000165
58902.9692 62.395514 0.000134
59075.5131 62.396750 0.000507
59166.3041 62.401957 0.023364
59252.0190 62.390603 0.000126
59308.9355 62.390429 0.000140
59272.0096 62.390987 0.000371
59062.5420 62.397377 0.000343
59133.3371 62.396332 0.000138
59008.7174 62.396607 0.000156
59280.9255 62.390134 0.000142
59037.7907 62.395965 0.000382
59032.8078 62.396605 0.000156
58992.9035 62.396116 0.000212
59156.4092 62.399508 0.021789
58844.1333 62.396909 0.000246
59022.7576 62.396778 0.000153
58990.9472 62.399008 0.000496
58854.0836 62.395864 0.000174
59187.3085 62.397161 0.000217
59175.2746 62.421287 0.023163
59044.7457 62.396999 0.000258
59264.0421 62.390698 0.000206
59217.1780 62.396829 0.000262
59015.8319 62.396449 0.000152
58882.1434 62.395482 0.000134
