58993 15.988895 0.000240 1.81
59008 15.989548 0.000219 0.99
59015 15.988704 0.000287 1.27
59022 15.989087 0.000211 0.90
59032 15.989284 0.000168 1.80
59037 15.988984 0.000278 1.97
59044 15.988973 0.000146 1.20
59062 15.989216 0.000159 0.92
59075 15.988139 0.000266 0.51
59082 15.989341 0.000200 0.71
59093 15.988960 0.000203 0.99
59100 15.988974 0.000123 0.87
59106 15.988939 0.000110 0.73
59133 15.989088 0.000100 1.07
59156 15.989161 0.000214 0.89
59166 15.989042 0.000107 0.40
59175 15.988939 0.000147 2.06
59187 15.988771 0.000443 1.28
59196 15.988936 0.000124 0.86
59208 15.988681 0.000153 0.62
59217 15.988817 0.000166 1.16
59230 15.988956 0.000182 1.50
59238 15.989064 0.000209 1.49
59252 15.988850 0.000137 2.10
59264 15.988829 0.000228 1.16
59272 15.988680 0.000171 1.68
59280 15.988939 0.000119 1.16
59288 15.988950 0.000101 0.78
59300 15.988767 0.000111 1.19
59309 15.988856 0.000129 1.10
