58322.7136 10.388829 0.001395
58481.3357 10.392142 0.001987
58413.5770 10.390215 0.000201
58260.0275 10.390636 0.001671
58538.1623 10.390914 0.001591
58174.1415 10.390603 0.000775
58495.2312 10.393966 0.002721
58453.3844 10.383551 0.043321
58371.6320 10.391476 0.002557
58467.3679 10.390949 0.007573
58524.2412 10.392107 0.001387
58307.7956 10.303411 0.039512
58241.9688 10.389650 0.001693
58440.4644 10.389275 0.001251
58355.6357 10.391069 0.001515
58389.5234 10.392509 0.001893
58340.6794 10.392379 0.001713
58276.8909 10.391551 0.001063
58992.8571 10.391247 0.000020
59000.9498 10.390263 0.000661
59008.8028 10.391254 0.000038
59015.9197 10.391226 0.000028
59022.8510 10.391306 0.000026
59032.7600 10.391337 0.000054
59037.8336 10.391300 0.000044
59044.8766 10.391337 0.000023
59062.7358 10.391332 0.000023
59075.6433 10.391413 0.000018
59082.6520 10.391413 0.000018
59093.7266 10.391413 0.000027
59100.6879 10.391356 0.000033
59106.6848 10.391397 0.000023
59113.5661 10.391421 0.000103
59133.4267 10.391423 0.000026
59156.4965 10.391436 0.000033
59166.3949 10.391459 0.000038
59175.3619 10.391517 0.000027
59187.3969 10.391443 0.000037
59196.3639 10.391567 0.000028
59208.3947 10.391572 0.000026
59217.2644 10.391598 0.000039
59230.2120 10.390833 0.000028
59238.3064 10.390858 0.000025
59252.1106 10.390671 0.000024
59264.1392 10.390983 0.000037
59272.1025 10.390847 0.000048
59281.0668 10.390862 0.000037
59288.0271 10.390878 0.000050
59301.0236 10.390721 0.000042
59309.1717 10.390675 0.000100
