58538.1853 71.018510 0.000213
58524.2683 71.018368 0.000259
58355.6575 71.017969 0.000224
58241.9939 71.019055 0.000252
58453.4162 71.017915 0.000299
58371.6663 71.017841 0.000399
58260.0628 71.018531 0.000232
58495.2549 71.018771 0.000400
58440.5053 71.018331 0.000241
58276.9142 71.017868 0.000200
58322.7361 71.018807 0.000296
58340.7120 71.018647 0.000233
58389.5450 71.017815 0.000304
58467.3948 71.018869 0.000223
58307.8187 71.018644 0.000293
58481.3655 71.018256 0.000237
58413.5987 71.025063 0.010155
59281.0181 71.012914 0.000078
59015.9628 71.018019 0.000088
59001.0326 71.017498 0.000100
59032.8501 71.017826 0.000080
59175.4128 71.028052 0.003376
59308.9905 71.012634 0.000092
58903.1047 71.018045 0.000078
59037.9230 71.017895 0.000068
59082.6073 71.017840 0.000067
59075.5999 71.017657 0.000084
59022.7099 71.017840 0.000105
59196.4074 71.018295 0.000070
59133.4682 71.018117 0.000069
59238.3696 71.013057 0.000083
59100.5113 71.017287 0.000245
59106.7259 71.017898 0.000076
59252.1653 71.013082 0.000077
59217.3120 71.018373 0.000066
59044.9199 71.017713 0.000072
58865.2266 71.018295 0.000071
59208.4835 71.018297 0.000066
58882.2748 71.018295 0.000079
59008.8484 71.017826 0.000075
58833.1836 71.018321 0.000083
58992.9480 71.017829 0.000073
59300.9775 71.012653 0.000092
59187.4412 71.018266 0.000069
59113.5256 71.017901 0.000070
59230.2612 71.013152 0.000079
59288.0744 71.012974 0.000070
59062.6484 71.017714 0.000084
59272.1514 71.012960 0.000085
59166.4442 71.016899 0.000586
59093.7729 71.017905 0.000073
59156.5396 71.018617 0.002454
58844.2277 71.018392 0.000078
