58993 9.004485 0.000166 0.62
59001 9.004860 0.000366 1.07
59008 9.004218 0.000238 1.73
59016 9.003078 0.000446 1.25
59022 9.004345 0.000301 1.30
59032 9.004229 0.000132 0.47
59037 9.004673 0.000188 0.89
59044 9.004606 0.000104 0.22
59062 9.004678 0.000197 1.23
59075 9.004758 0.000143 0.60
59082 9.004625 0.000254 1.73
59093 9.004783 0.000153 0.71
59100 9.004558 0.000145 0.70
59106 9.004668 0.000119 0.47
59113 9.005786 0.000315 1.35
59133 9.004759 0.000156 0.75
59156 9.004649 0.000215 0.64
59166 9.004527 0.000212 1.04
59175 9.004582 0.000141 0.58
59187 9.004651 0.000187 1.09
59196 9.004646 0.000121 0.44
59208 9.004708 0.000147 0.67
59217 9.004654 0.000097 0.32
59230 9.004973 0.000178 0.82
59238 9.004873 0.000117 0.35
59252 9.005075 0.000115 0.34
59264 9.005364 0.000126 0.52
59272 9.005026 0.000849 1.44
59281 9.004764 0.000179 0.97
59288 9.004642 0.000109 0.29
59301 9.004661 0.000091 0.28
59309 9.004903 0.000212 1.43
